date	code
20250403	300967
20250408	300892
20250410	300723
20250407	300189
20250411	300963
20250410	688136
20250410	688536
20250411	300466
20250408	301228
20250410	688052
20250402	300967
20250408	301058
20250403	301116
20250415	300920
20250415	301392
20250418	300892
20250410	300661
20250408	688331
20250411	301392
20250408	688600
20250407	300106
20250418	688156
20250408	300350
20250410	688056
20250407	301052
20250418	688136
20250401	300353
20250415	300892
20250408	300380
20250408	688156
20250416	688536
20250408	688270
20250411	688156
20250408	301162
20250401	300233
20250416	688508
20250414	300350
20250418	300696
20250418	688062
20250414	300599
20250408	301533
20250408	300022
20250411	301077
20250416	300917
20250410	688690
20250414	300994
20250414	300100
20250417	688288
20250408	688401
20250411	300005
20250401	301000
20250408	301269
20250414	300997
20250416	301162
20250408	300511
20250401	301387
20250402	300963
20250407	300898
20250407	300260
20250401	300466
20250410	300700
20250415	300829
20250408	300661
20250416	300696
20250416	301209
20250418	301066
20250411	300329
20250407	301016
20250401	301613
20250401	300100
20250414	300967
20250416	688502
20250418	300040
20250414	301256
20250401	300291
20250415	300464
20250415	301025
20250407	300844
20250411	301116
20250414	300955
20250402	300069
20250402	301075
20250417	300721
20250402	300960
20250407	300871
20250421	300350
20250421	300995
20250421	300920
20250421	688313
20250421	688156
20250421	301558
