300016
300019
300030
300043
300127
300130
300160
300180
300196
300199
300246
300265
300269
300335
300348
300368
300414
300436
300452
300468
300485
300505
300515
300516
300527
300531
300533
300537
300554
300581
300591
300600
300609
300645
300649
300670
300697
300753
300773
300778
300803
300821
300847
300872
300875
300897
300903
300947
300971
300982
300991
300993
301024
301120
301132
301141
301150
301176
301178
301197
301208
301217
301258
301306
301311
301312
301345
301357
301388
301389
301408
301421
301511
301526
688062
688117
688202
688221
688291
688321
688499
688553
688717
688799
