300016
300019
300043
300066
300127
300130
300160
300180
300196
300199
300246
300254
300269
300335
300348
300371
300399
300410
300436
300468
300471
300485
300505
300527
300531
300533
300537
300541
300548
300581
300591
300600
300645
300649
300697
300703
300748
300773
300778
300803
300821
300835
300847
300872
300875
300903
300930
300947
300982
300987
300991
301024
301120
301132
301141
301150
301165
301176
301178
301197
301208
301217
301257
301306
301345
301388
301389
301421
301511
301526
301586
301622
688062
688077
688202
688221
688313
688321
688553
688799
